new: 800
insert 0 1 1 1
insert 1 2 2.1 1
insert 2 3 3.2 1
insert 3 4 4.3 1
insert 4 5 5.4 1
insert 5 6 6.5 1
insert 6 7 7.6 1
insert 7 8 8.7 1
insert 8 9 9.8 1
insert 9 10 10.9 1
insert 10 11 12 1
insert 11 12 13.1 1
insert 12 13 14.2 1
insert 13 14 15.3 1
insert 14 15 16.4 1
insert 15 16 17.5 1
insert 16 17 18.6 1
insert 17 18 19.7 1
insert 18 19 20.8 1
insert 19 20 21.9 1
insert 20 21 23 1
insert 21 22 24.1 1
insert 22 23 25.2 1
insert 23 24 26.3 1
insert 24 25 27.4 1
insert 25 26 28.5 1
insert 26 27 29.6 1
insert 27 28 30.7 1
insert 28 29 31.8 1
insert 29 30 32.9 1
insert 30 31 34 1
insert 31 32 35.1 1
insert 32 33 36.2 1
insert 33 34 37.3 1
insert 34 35 38.4 1
insert 35 36 39.5 1
insert 36 37 40.6 1
insert 37 38 41.7 1
insert 38 39 42.8 1
insert 39 40 43.9 1
insert 40 41 45 1
insert 41 42 46.1 1
insert 42 43 47.2 1
insert 43 44 48.3 1
insert 44 45 49.4 1
insert 45 46 50.5 1
insert 46 47 51.6 1
insert 47 48 52.7 1
insert 48 49 53.8 1
insert 49 50 54.9 1
insert 50 51 56 1
insert 51 52 57.1 1
insert 52 53 58.2 1
insert 53 54 59.3 1
insert 54 55 60.4 1
insert 55 56 61.5 1
insert 56 57 62.6 1
insert 57 58 63.7 1
insert 58 59 64.8 1
insert 59 60 65.9 1
insert 60 61 67 1
insert 61 62 68.1 1
insert 62 63 69.2 1
insert 63 64 70.3 1
insert 64 65 71.4 1
insert 65 66 72.5 1
insert 66 67 73.6 1
insert 67 68 74.7 1
insert 68 69 75.8 1
insert 69 70 76.9 1
insert 70 71 78 1
insert 71 72 79.1 1
insert 72 73 80.2 1
insert 73 74 81.3 1
insert 74 75 82.4 1
insert 75 76 83.5 1
insert 76 77 84.6 1
insert 77 78 85.7 1
insert 78 79 86.8 1
insert 79 80 87.9 1
insert 80 81 89 1
insert 81 82 90.1 1
insert 82 83 91.2 1
insert 83 84 92.3 1
insert 84 85 93.4 1
insert 85 86 94.5 1
insert 86 87 95.6 1
insert 87 88 96.7 1
insert 88 89 97.8 1
insert 89 90 98.9 1
insert 90 91 100 1
insert 91 92 101.1 1
insert 92 93 102.2 1
insert 93 94 103.3 1
insert 94 95 104.4 1
insert 95 96 105.5 1
insert 96 97 106.6 1
insert 97 98 107.7 1
insert 98 99 108.8 1
insert 99 100 109.9 1
insert 100 101 111 1
insert 101 102 112.1 1
insert 102 103 113.2 1
insert 103 104 114.3 1
insert 104 105 115.4 1
insert 105 106 116.5 1
insert 106 107 117.6 1
insert 107 108 118.7 1
insert 108 109 119.8 1
insert 109 110 120.9 1
insert 110 111 122 1
insert 111 112 123.1 1
insert 112 113 124.2 1
insert 113 114 125.3 1
insert 114 115 126.4 1
insert 115 116 127.5 1
insert 116 117 128.6 1
insert 117 118 129.7 1
insert 118 119 130.8 1
insert 119 120 131.9 1
insert 120 121 133 1
insert 121 122 134.1 1
insert 122 123 135.2 1
insert 123 124 136.3 1
insert 124 125 137.4 1
insert 125 126 138.5 1
insert 126 127 139.6 1
insert 127 128 140.7 1
insert 128 129 141.8 1
insert 129 130 142.9 1
insert 130 131 144 1
insert 131 132 145.1 1
insert 132 133 146.2 1
insert 133 134 147.3 1
insert 134 135 148.4 1
insert 135 136 149.5 1
insert 136 137 150.6 1
insert 137 138 151.7 1
insert 138 139 152.8 1
insert 139 140 153.9 1
insert 140 141 155 1
insert 141 142 156.1 1
insert 142 143 157.2 1
insert 143 144 158.3 1
insert 144 145 159.4 1
insert 145 146 160.5 1
insert 146 147 161.6 1
insert 147 148 162.7 1
insert 148 149 163.8 1
insert 149 150 164.9 1
insert 150 151 166 1
insert 151 152 167.1 1
insert 152 153 168.2 1
insert 153 154 169.3 1
insert 154 155 170.4 1
insert 155 156 171.5 1
insert 156 157 172.6 1
insert 157 158 173.7 1
insert 158 159 174.8 1
insert 159 160 175.9 1
insert 160 161 177 1
insert 161 162 178.1 1
insert 162 163 179.2 1
insert 163 164 180.3 1
insert 164 165 181.4 1
insert 165 166 182.5 1
insert 166 167 183.6 1
insert 167 168 184.7 1
insert 168 169 185.8 1
insert 169 170 186.9 1
insert 170 171 188 1
insert 171 172 189.1 1
insert 172 173 190.2 1
insert 173 174 191.3 1
insert 174 175 192.4 1
insert 175 176 193.5 1
insert 176 177 194.6 1
insert 177 178 195.7 1
insert 178 179 196.8 1
insert 179 180 197.9 1
insert 180 181 199 1
insert 181 182 200.1 1
insert 182 183 201.2 1
insert 183 184 202.3 1
insert 184 185 203.4 1
insert 185 186 204.5 1
insert 186 187 205.6 1
insert 187 188 206.7 1
insert 188 189 207.8 1
insert 189 190 208.9 1
insert 190 191 210 1
insert 191 192 211.1 1
insert 192 193 212.2 1
insert 193 194 213.3 1
insert 194 195 214.4 1
insert 195 196 215.5 1
insert 196 197 216.6 1
insert 197 198 217.7 1
insert 198 199 218.8 1
insert 199 200 219.9 1
insert 200 201 221 1
insert 201 202 222.1 1
insert 202 203 223.2 1
insert 203 204 224.3 1
insert 204 205 225.4 1
insert 205 206 226.5 1
insert 206 207 227.6 1
insert 207 208 228.7 1
insert 208 209 229.8 1
insert 209 210 230.9 1
insert 210 211 232 1
insert 211 212 233.1 1
insert 212 213 234.2 1
insert 213 214 235.3 1
insert 214 215 236.4 1
insert 215 216 237.5 1
insert 216 217 238.6 1
insert 217 218 239.7 1
insert 218 219 240.8 1
insert 219 220 241.9 1
insert 220 221 243 1
insert 221 222 244.1 1
insert 222 223 245.2 1
insert 223 224 246.3 1
insert 224 225 247.4 1
insert 225 226 248.5 1
insert 226 227 249.6 1
insert 227 228 250.7 1
insert 228 229 251.8 1
insert 229 230 252.9 1
insert 230 231 254 1
insert 231 232 255.1 1
insert 232 233 256.2 1
insert 233 234 257.3 1
insert 234 235 258.4 1
insert 235 236 259.5 1
insert 236 237 260.6 1
insert 237 238 261.7 1
insert 238 239 262.8 1
insert 239 240 263.9 1
insert 240 241 265 1
insert 241 242 266.1 1
insert 242 243 267.2 1
insert 243 244 268.3 1
insert 244 245 269.4 1
insert 245 246 270.5 1
insert 246 247 271.6 1
insert 247 248 272.7 1
insert 248 249 273.8 1
insert 249 250 274.9 1
insert 250 251 276 1
insert 251 252 277.1 1
insert 252 253 278.2 1
insert 253 254 279.3 1
insert 254 255 280.4 1
insert 255 256 281.5 1
insert 256 257 282.6 1
insert 257 258 283.7 1
insert 258 259 284.8 1
insert 259 260 285.9 1
insert 260 261 287 1
insert 261 262 288.1 1
insert 262 263 289.2 1
insert 263 264 290.3 1
insert 264 265 291.4 1
insert 265 266 292.5 1
insert 266 267 293.6 1
insert 267 268 294.7 1
insert 268 269 295.8 1
insert 269 270 296.9 1
insert 270 271 298 1
insert 271 272 299.1 1
insert 272 273 300.2 1
insert 273 274 301.3 1
insert 274 275 302.4 1
insert 275 276 303.5 1
insert 276 277 304.6 1
insert 277 278 305.7 1
insert 278 279 306.8 1
insert 279 280 307.9 1
insert 280 281 309 1
insert 281 282 310.1 1
insert 282 283 311.2 1
insert 283 284 312.3 1
insert 284 285 313.4 1
insert 285 286 314.5 1
insert 286 287 315.6 1
insert 287 288 316.7 1
insert 288 289 317.8 1
insert 289 290 318.9 1
insert 290 291 320 1
insert 291 292 321.1 1
insert 292 293 322.2 1
insert 293 294 323.3 1
insert 294 295 324.4 1
insert 295 296 325.5 1
insert 296 297 326.6 1
insert 297 298 327.7 1
insert 298 299 328.8 1
insert 299 300 329.9 1
insert 300 301 331 1
insert 301 302 332.1 1
insert 302 303 333.2 1
insert 303 304 334.3 1
insert 304 305 335.4 1
insert 305 306 336.5 1
insert 306 307 337.6 1
insert 307 308 338.7 1
insert 308 309 339.8 1
insert 309 310 340.9 1
insert 310 311 342 1
insert 311 312 343.1 1
insert 312 313 344.2 1
insert 313 314 345.3 1
insert 314 315 346.4 1
insert 315 316 347.5 1
insert 316 317 348.6 1
insert 317 318 349.7 1
insert 318 319 350.8 1
insert 319 320 351.9 1
insert 320 321 353 1
insert 321 322 354.1 1
insert 322 323 355.2 1
insert 323 324 356.3 1
insert 324 325 357.4 1
insert 325 326 358.5 1
insert 326 327 359.6 1
insert 327 328 360.7 1
insert 328 329 361.8 1
insert 329 330 362.9 1
insert 330 331 364 1
insert 331 332 365.1 1
insert 332 333 366.2 1
insert 333 334 367.3 1
insert 334 335 368.4 1
insert 335 336 369.5 1
insert 336 337 370.6 1
insert 337 338 371.7 1
insert 338 339 372.8 1
insert 339 340 373.9 1
insert 340 341 375 1
insert 341 342 376.1 1
insert 342 343 377.2 1
insert 343 344 378.3 1
insert 344 345 379.4 1
insert 345 346 380.5 1
insert 346 347 381.6 1
insert 347 348 382.7 1
insert 348 349 383.8 1
insert 349 350 384.9 1
insert 350 351 386 1
insert 351 352 387.1 1
insert 352 353 388.2 1
insert 353 354 389.3 1
insert 354 355 390.4 1
insert 355 356 391.5 1
insert 356 357 392.6 1
insert 357 358 393.7 1
insert 358 359 394.8 1
insert 359 360 395.9 1
insert 360 361 397 1
insert 361 362 398.1 1
insert 362 363 399.2 1
insert 363 364 400.3 1
insert 364 365 401.4 1
insert 365 366 402.5 1
insert 366 367 403.6 1
insert 367 368 404.7 1
insert 368 369 405.8 1
insert 369 370 406.9 1
insert 370 371 408 1
insert 371 372 409.1 1
insert 372 373 410.2 1
insert 373 374 411.3 1
insert 374 375 412.4 1
insert 375 376 413.5 1
insert 376 377 414.6 1
insert 377 378 415.7 1
insert 378 379 416.8 1
insert 379 380 417.9 1
insert 380 381 419 1
insert 381 382 420.1 1
insert 382 383 421.2 1
insert 383 384 422.3 1
insert 384 385 423.4 1
insert 385 386 424.5 1
insert 386 387 425.6 1
insert 387 388 426.7 1
insert 388 389 427.8 1
insert 389 390 428.9 1
insert 390 391 430 1
insert 391 392 431.1 1
insert 392 393 432.2 1
insert 393 394 433.3 1
insert 394 395 434.4 1
insert 395 396 435.5 1
insert 396 397 436.6 1
insert 397 398 437.7 1
insert 398 399 438.8 1
insert 399 400 439.9 1
insert 400 401 441 1
insert 401 402 442.1 1
insert 402 403 443.2 1
insert 403 404 444.3 1
insert 404 405 445.4 1
insert 405 406 446.5 1
insert 406 407 447.6 1
insert 407 408 448.7 1
insert 408 409 449.8 1
insert 409 410 450.9 1
insert 410 411 452 1
insert 411 412 453.1 1
insert 412 413 454.2 1
insert 413 414 455.3 1
insert 414 415 456.4 1
insert 415 416 457.5 1
insert 416 417 458.6 1
insert 417 418 459.7 1
insert 418 419 460.8 1
insert 419 420 461.9 1
insert 420 421 463 1
insert 421 422 464.1 1
insert 422 423 465.2 1
insert 423 424 466.3 1
insert 424 425 467.4 1
insert 425 426 468.5 1
insert 426 427 469.6 1
insert 427 428 470.7 1
insert 428 429 471.8 1
insert 429 430 472.9 1
insert 430 431 474 1
insert 431 432 475.1 1
insert 432 433 476.2 1
insert 433 434 477.3 1
insert 434 435 478.4 1
insert 435 436 479.5 1
insert 436 437 480.6 1
insert 437 438 481.7 1
insert 438 439 482.8 1
insert 439 440 483.9 1
insert 440 441 485 1
insert 441 442 486.1 1
insert 442 443 487.2 1
insert 443 444 488.3 1
insert 444 445 489.4 1
insert 445 446 490.5 1
insert 446 447 491.6 1
insert 447 448 492.7 1
insert 448 449 493.8 1
insert 449 450 494.9 1
insert 450 451 496 1
insert 451 452 497.1 1
insert 452 453 498.2 1
insert 453 454 499.3 1
insert 454 455 500.4 1
insert 455 456 501.5 1
insert 456 457 502.6 1
insert 457 458 503.7 1
insert 458 459 504.8 1
insert 459 460 505.9 1
insert 460 461 507 1
insert 461 462 508.1 1
insert 462 463 509.2 1
insert 463 464 510.3 1
insert 464 465 511.4 1
insert 465 466 512.5 1
insert 466 467 513.6 1
insert 467 468 514.7 1
insert 468 469 515.8 1
insert 469 470 516.9 1
insert 470 471 518 1
insert 471 472 519.1 1
insert 472 473 520.2 1
insert 473 474 521.3 1
insert 474 475 522.4 1
insert 475 476 523.5 1
insert 476 477 524.6 1
insert 477 478 525.7 1
insert 478 479 526.8 1
insert 479 480 527.9 1
insert 480 481 529 1
insert 481 482 530.1 1
insert 482 483 531.2 1
insert 483 484 532.3 1
insert 484 485 533.4 1
insert 485 486 534.5 1
insert 486 487 535.6 1
insert 487 488 536.7 1
insert 488 489 537.8 1
insert 489 490 538.9 1
insert 490 491 540 1
insert 491 492 541.1 1
insert 492 493 542.2 1
insert 493 494 543.3 1
insert 494 495 544.4 1
insert 495 496 545.5 1
insert 496 497 546.6 1
insert 497 498 547.7 1
insert 498 499 548.8 1
insert 499 500 549.9 1
insert 500 501 551 1
insert 501 502 552.1 1
insert 502 503 553.2 1
insert 503 504 554.3 1
insert 504 505 555.4 1
insert 505 506 556.5 1
insert 506 507 557.6 1
insert 507 508 558.7 1
insert 508 509 559.8 1
insert 509 510 560.9 1
insert 510 511 562 1
insert 511 512 563.1 1
insert 512 513 564.2 1
insert 513 514 565.3 1
insert 514 515 566.4 1
insert 515 516 567.5 1
insert 516 517 568.6 1
insert 517 518 569.7 1
insert 518 519 570.8 1
insert 519 520 571.9 1
insert 520 521 573 1
insert 521 522 574.1 1
insert 522 523 575.2 1
insert 523 524 576.3 1
insert 524 525 577.4 1
insert 525 526 578.5 1
insert 526 527 579.6 1
insert 527 528 580.7 1
insert 528 529 581.8 1
insert 529 530 582.9 1
insert 530 531 584 1
insert 531 532 585.1 1
insert 532 533 586.2 1
insert 533 534 587.3 1
insert 534 535 588.4 1
insert 535 536 589.5 1
insert 536 537 590.6 1
insert 537 538 591.7 1
insert 538 539 592.8 1
insert 539 540 593.9 1
insert 540 541 595 1
insert 541 542 596.1 1
insert 542 543 597.2 1
insert 543 544 598.3 1
insert 544 545 599.4 1
insert 545 546 600.5 1
insert 546 547 601.6 1
insert 547 548 602.7 1
insert 548 549 603.8 1
insert 549 550 604.9 1
insert 550 551 606 1
insert 551 552 607.1 1
insert 552 553 608.2 1
insert 553 554 609.3 1
insert 554 555 610.4 1
insert 555 556 611.5 1
insert 556 557 612.6 1
insert 557 558 613.7 1
insert 558 559 614.8 1
insert 559 560 615.9 1
insert 560 561 617 1
insert 561 562 618.1 1
insert 562 563 619.2 1
insert 563 564 620.3 1
insert 564 565 621.4 1
insert 565 566 622.5 1
insert 566 567 623.6 1
insert 567 568 624.7 1
insert 568 569 625.8 1
insert 569 570 626.9 1
insert 570 571 628 1
insert 571 572 629.1 1
insert 572 573 630.2 1
insert 573 574 631.3 1
insert 574 575 632.4 1
insert 575 576 633.5 1
insert 576 577 634.6 1
insert 577 578 635.7 1
insert 578 579 636.8 1
insert 579 580 637.9 1
insert 580 581 639 1
insert 581 582 640.1 1
insert 582 583 641.2 1
insert 583 584 642.3 1
insert 584 585 643.4 1
insert 585 586 644.5 1
insert 586 587 645.6 1
insert 587 588 646.7 1
insert 588 589 647.8 1
insert 589 590 648.9 1
insert 590 591 650 1
insert 591 592 651.1 1
insert 592 593 652.2 1
insert 593 594 653.3 1
insert 594 595 654.4 1
insert 595 596 655.5 1
insert 596 597 656.6 1
insert 597 598 657.7 1
insert 598 599 658.8 1
insert 599 600 659.9 1
insert 600 601 661 1
insert 601 602 662.1 1
insert 602 603 663.2 1
insert 603 604 664.3 1
insert 604 605 665.4 1
insert 605 606 666.5 1
insert 606 607 667.6 1
insert 607 608 668.7 1
insert 608 609 669.8 1
insert 609 610 670.9 1
insert 610 611 672 1
insert 611 612 673.1 1
insert 612 613 674.2 1
insert 613 614 675.3 1
insert 614 615 676.4 1
insert 615 616 677.5 1
insert 616 617 678.6 1
insert 617 618 679.7 1
insert 618 619 680.8 1
insert 619 620 681.9 1
insert 620 621 683 1
insert 621 622 684.1 1
insert 622 623 685.2 1
insert 623 624 686.3 1
insert 624 625 687.4 1
insert 625 626 688.5 1
insert 626 627 689.6 1
insert 627 628 690.7 1
insert 628 629 691.8 1
insert 629 630 692.9 1
insert 630 631 694 1
insert 631 632 695.1 1
insert 632 633 696.2 1
insert 633 634 697.3 1
insert 634 635 698.4 1
insert 635 636 699.5 1
insert 636 637 700.6 1
insert 637 638 701.7 1
insert 638 639 702.8 1
insert 639 640 703.9 1
insert 640 641 705 1
insert 641 642 706.1 1
insert 642 643 707.2 1
insert 643 644 708.3 1
insert 644 645 709.4 1
insert 645 646 710.5 1
insert 646 647 711.6 1
insert 647 648 712.7 1
insert 648 649 713.8 1
insert 649 650 714.9 1
insert 650 651 716 1
insert 651 652 717.1 1
insert 652 653 718.2 1
insert 653 654 719.3 1
insert 654 655 720.4 1
insert 655 656 721.5 1
insert 656 657 722.6 1
insert 657 658 723.7 1
insert 658 659 724.8 1
insert 659 660 725.9 1
insert 660 661 727 1
insert 661 662 728.1 1
insert 662 663 729.2 1
insert 663 664 730.3 1
insert 664 665 731.4 1
insert 665 666 732.5 1
insert 666 667 733.6 1
insert 667 668 734.7 1
insert 668 669 735.8 1
insert 669 670 736.9 1
insert 670 671 738 1
insert 671 672 739.1 1
insert 672 673 740.2 1
insert 673 674 741.3 1
insert 674 675 742.4 1
insert 675 676 743.5 1
insert 676 677 744.6 1
insert 677 678 745.7 1
insert 678 679 746.8 1
insert 679 680 747.9 1
insert 680 681 749 1
insert 681 682 750.1 1
insert 682 683 751.2 1
insert 683 684 752.3 1
insert 684 685 753.4 1
insert 685 686 754.5 1
insert 686 687 755.6 1
insert 687 688 756.7 1
insert 688 689 757.8 1
insert 689 690 758.9 1
insert 690 691 760 1
insert 691 692 761.1 1
insert 692 693 762.2 1
insert 693 694 763.3 1
insert 694 695 764.4 1
insert 695 696 765.5 1
insert 696 697 766.6 1
insert 697 698 767.7 1
insert 698 699 768.8 1
insert 699 700 769.9 1
insert 700 701 771 1
insert 701 702 772.1 1
insert 702 703 773.2 1
insert 703 704 774.3 1
insert 704 705 775.4 1
insert 705 706 776.5 1
insert 706 707 777.6 1
insert 707 708 778.7 1
insert 708 709 779.8 1
insert 709 710 780.9 1
insert 710 711 782 1
insert 711 712 783.1 1
insert 712 713 784.2 1
insert 713 714 785.3 1
insert 714 715 786.4 1
insert 715 716 787.5 1
insert 716 717 788.6 1
insert 717 718 789.7 1
insert 718 719 790.8 1
insert 719 720 791.9 1
insert 720 721 793 1
insert 721 722 794.1 1
insert 722 723 795.2 1
insert 723 724 796.3 1
insert 724 725 797.4 1
insert 725 726 798.5 1
insert 726 727 799.6 1
insert 727 728 800.7 1
insert 728 729 801.8 1
insert 729 730 802.9 1
insert 730 731 804 1
insert 731 732 805.1 1
insert 732 733 806.2 1
insert 733 734 807.3 1
insert 734 735 808.4 1
insert 735 736 809.5 1
insert 736 737 810.6 1
insert 737 738 811.7 1
insert 738 739 812.8 1
insert 739 740 813.9 1
insert 740 741 815 1
insert 741 742 816.1 1
insert 742 743 817.2 1
insert 743 744 818.3 1
insert 744 745 819.4 1
insert 745 746 820.5 1
insert 746 747 821.6 1
insert 747 748 822.7 1
insert 748 749 823.8 1
insert 749 750 824.9 1
insert 750 751 826 1
insert 751 752 827.1 1
insert 752 753 828.2 1
insert 753 754 829.3 1
insert 754 755 830.4 1
insert 755 756 831.5 1
insert 756 757 832.6 1
insert 757 758 833.7 1
insert 758 759 834.8 1
insert 759 760 835.9 1
insert 760 761 837 1
insert 761 762 838.1 1
insert 762 763 839.2 1
insert 763 764 840.3 1
insert 764 765 841.4 1
insert 765 766 842.5 1
insert 766 767 843.6 1
insert 767 768 844.7 1
insert 768 769 845.8 1
insert 769 770 846.9 1
insert 770 771 848 1
insert 771 772 849.1 1
insert 772 773 850.2 1
insert 773 774 851.3 1
insert 774 775 852.4 1
insert 775 776 853.5 1
insert 776 777 854.6 1
insert 777 778 855.7 1
insert 778 779 856.8 1
insert 779 780 857.9 1
insert 780 781 859 1
insert 781 782 860.1 1
insert 782 783 861.2 1
insert 783 784 862.3 1
insert 784 785 863.4 1
insert 785 786 864.5 1
insert 786 787 865.6 1
insert 787 788 866.7 1
insert 788 789 867.8 1
insert 789 790 868.9 1
insert 790 791 870 1
insert 791 792 871.1 1
insert 792 793 872.2 1
insert 793 794 873.3 1
insert 794 795 874.4 1
insert 795 796 875.5 1
insert 796 797 876.6 1
insert 797 798 877.7 1
insert 798 799 878.8 1
mst 351480.1 799
edge_count 799
degree 799 1
degree 400 2
delete
summary
