new: 512
insert 0 1 1 1
insert 1 2 2.1 1
insert 2 3 3.2 1
insert 3 4 4.3 1
insert 4 5 5.4 1
insert 5 6 6.5 1
insert 6 7 7.6 1
insert 7 8 8.7 1
insert 8 9 9.8 1
insert 9 10 10.9 1
insert 10 11 12 1
insert 11 12 13.1 1
insert 12 13 14.2 1
insert 13 14 15.3 1
insert 14 15 16.4 1
insert 15 16 17.5 1
insert 16 17 18.6 1
insert 17 18 19.7 1
insert 18 19 20.8 1
insert 19 20 21.9 1
insert 20 21 23 1
insert 21 22 24.1 1
insert 22 23 25.2 1
insert 23 24 26.3 1
insert 24 25 27.4 1
insert 25 26 28.5 1
insert 26 27 29.6 1
insert 27 28 30.7 1
insert 28 29 31.8 1
insert 29 30 32.9 1
insert 30 31 34 1
insert 31 32 35.1 1
insert 32 33 36.2 1
insert 33 34 37.3 1
insert 34 35 38.4 1
insert 35 36 39.5 1
insert 36 37 40.6 1
insert 37 38 41.7 1
insert 38 39 42.8 1
insert 39 40 43.9 1
insert 40 41 45 1
insert 41 42 46.1 1
insert 42 43 47.2 1
insert 43 44 48.3 1
insert 44 45 49.4 1
insert 45 46 50.5 1
insert 46 47 51.6 1
insert 47 48 52.7 1
insert 48 49 53.8 1
insert 49 50 54.9 1
insert 50 51 56 1
insert 51 52 57.1 1
insert 52 53 58.2 1
insert 53 54 59.3 1
insert 54 55 60.4 1
insert 55 56 61.5 1
insert 56 57 62.6 1
insert 57 58 63.7 1
insert 58 59 64.8 1
insert 59 60 65.9 1
insert 60 61 67 1
insert 61 62 68.1 1
insert 62 63 69.2 1
insert 63 64 70.3 1
insert 64 65 71.4 1
insert 65 66 72.5 1
insert 66 67 73.6 1
insert 67 68 74.7 1
insert 68 69 75.8 1
insert 69 70 76.9 1
insert 70 71 78 1
insert 71 72 79.1 1
insert 72 73 80.2 1
insert 73 74 81.3 1
insert 74 75 82.4 1
insert 75 76 83.5 1
insert 76 77 84.6 1
insert 77 78 85.7 1
insert 78 79 86.8 1
insert 79 80 87.9 1
insert 80 81 89 1
insert 81 82 90.1 1
insert 82 83 91.2 1
insert 83 84 92.3 1
insert 84 85 93.4 1
insert 85 86 94.5 1
insert 86 87 95.6 1
insert 87 88 96.7 1
insert 88 89 97.8 1
insert 89 90 98.9 1
insert 90 91 100 1
insert 91 92 101.1 1
insert 92 93 102.2 1
insert 93 94 103.3 1
insert 94 95 104.4 1
insert 95 96 105.5 1
insert 96 97 106.6 1
insert 97 98 107.7 1
insert 98 99 108.8 1
insert 99 100 109.9 1
insert 100 101 111 1
insert 101 102 112.1 1
insert 102 103 113.2 1
insert 103 104 114.3 1
insert 104 105 115.4 1
insert 105 106 116.5 1
insert 106 107 117.6 1
insert 107 108 118.7 1
insert 108 109 119.8 1
insert 109 110 120.9 1
insert 110 111 122 1
insert 111 112 123.1 1
insert 112 113 124.2 1
insert 113 114 125.3 1
insert 114 115 126.4 1
insert 115 116 127.5 1
insert 116 117 128.6 1
insert 117 118 129.7 1
insert 118 119 130.8 1
insert 119 120 131.9 1
insert 120 121 133 1
insert 121 122 134.1 1
insert 122 123 135.2 1
insert 123 124 136.3 1
insert 124 125 137.4 1
insert 125 126 138.5 1
insert 126 127 139.6 1
insert 127 128 140.7 1
insert 128 129 141.8 1
insert 129 130 142.9 1
insert 130 131 144 1
insert 131 132 145.1 1
insert 132 133 146.2 1
insert 133 134 147.3 1
insert 134 135 148.4 1
insert 135 136 149.5 1
insert 136 137 150.6 1
insert 137 138 151.7 1
insert 138 139 152.8 1
insert 139 140 153.9 1
insert 140 141 155 1
insert 141 142 156.1 1
insert 142 143 157.2 1
insert 143 144 158.3 1
insert 144 145 159.4 1
insert 145 146 160.5 1
insert 146 147 161.6 1
insert 147 148 162.7 1
insert 148 149 163.8 1
insert 149 150 164.9 1
insert 150 151 166 1
insert 151 152 167.1 1
insert 152 153 168.2 1
insert 153 154 169.3 1
insert 154 155 170.4 1
insert 155 156 171.5 1
insert 156 157 172.6 1
insert 157 158 173.7 1
insert 158 159 174.8 1
insert 159 160 175.9 1
insert 160 161 177 1
insert 161 162 178.1 1
insert 162 163 179.2 1
insert 163 164 180.3 1
insert 164 165 181.4 1
insert 165 166 182.5 1
insert 166 167 183.6 1
insert 167 168 184.7 1
insert 168 169 185.8 1
insert 169 170 186.9 1
insert 170 171 188 1
insert 171 172 189.1 1
insert 172 173 190.2 1
insert 173 174 191.3 1
insert 174 175 192.4 1
insert 175 176 193.5 1
insert 176 177 194.6 1
insert 177 178 195.7 1
insert 178 179 196.8 1
insert 179 180 197.9 1
insert 180 181 199 1
insert 181 182 200.1 1
insert 182 183 201.2 1
insert 183 184 202.3 1
insert 184 185 203.4 1
insert 185 186 204.5 1
insert 186 187 205.6 1
insert 187 188 206.7 1
insert 188 189 207.8 1
insert 189 190 208.9 1
insert 190 191 210 1
insert 191 192 211.1 1
insert 192 193 212.2 1
insert 193 194 213.3 1
insert 194 195 214.4 1
insert 195 196 215.5 1
insert 196 197 216.6 1
insert 197 198 217.7 1
insert 198 199 218.8 1
insert 199 200 219.9 1
insert 200 201 221 1
insert 201 202 222.1 1
insert 202 203 223.2 1
insert 203 204 224.3 1
insert 204 205 225.4 1
insert 205 206 226.5 1
insert 206 207 227.6 1
insert 207 208 228.7 1
insert 208 209 229.8 1
insert 209 210 230.9 1
insert 210 211 232 1
insert 211 212 233.1 1
insert 212 213 234.2 1
insert 213 214 235.3 1
insert 214 215 236.4 1
insert 215 216 237.5 1
insert 216 217 238.6 1
insert 217 218 239.7 1
insert 218 219 240.8 1
insert 219 220 241.9 1
insert 220 221 243 1
insert 221 222 244.1 1
insert 222 223 245.2 1
insert 223 224 246.3 1
insert 224 225 247.4 1
insert 225 226 248.5 1
insert 226 227 249.6 1
insert 227 228 250.7 1
insert 228 229 251.8 1
insert 229 230 252.9 1
insert 230 231 254 1
insert 231 232 255.1 1
insert 232 233 256.2 1
insert 233 234 257.3 1
insert 234 235 258.4 1
insert 235 236 259.5 1
insert 236 237 260.6 1
insert 237 238 261.7 1
insert 238 239 262.8 1
insert 239 240 263.9 1
insert 240 241 265 1
insert 241 242 266.1 1
insert 242 243 267.2 1
insert 243 244 268.3 1
insert 244 245 269.4 1
insert 245 246 270.5 1
insert 246 247 271.6 1
insert 247 248 272.7 1
insert 248 249 273.8 1
insert 249 250 274.9 1
insert 250 251 276 1
insert 251 252 277.1 1
insert 252 253 278.2 1
insert 253 254 279.3 1
insert 254 255 280.4 1
insert 255 256 281.5 1
insert 256 257 282.6 1
insert 257 258 283.7 1
insert 258 259 284.8 1
insert 259 260 285.9 1
insert 260 261 287 1
insert 261 262 288.1 1
insert 262 263 289.2 1
insert 263 264 290.3 1
insert 264 265 291.4 1
insert 265 266 292.5 1
insert 266 267 293.6 1
insert 267 268 294.7 1
insert 268 269 295.8 1
insert 269 270 296.9 1
insert 270 271 298 1
insert 271 272 299.1 1
insert 272 273 300.2 1
insert 273 274 301.3 1
insert 274 275 302.4 1
insert 275 276 303.5 1
insert 276 277 304.6 1
insert 277 278 305.7 1
insert 278 279 306.8 1
insert 279 280 307.9 1
insert 280 281 309 1
insert 281 282 310.1 1
insert 282 283 311.2 1
insert 283 284 312.3 1
insert 284 285 313.4 1
insert 285 286 314.5 1
insert 286 287 315.6 1
insert 287 288 316.7 1
insert 288 289 317.8 1
insert 289 290 318.9 1
insert 290 291 320 1
insert 291 292 321.1 1
insert 292 293 322.2 1
insert 293 294 323.3 1
insert 294 295 324.4 1
insert 295 296 325.5 1
insert 296 297 326.6 1
insert 297 298 327.7 1
insert 298 299 328.8 1
insert 299 300 329.9 1
insert 300 301 331 1
insert 301 302 332.1 1
insert 302 303 333.2 1
insert 303 304 334.3 1
insert 304 305 335.4 1
insert 305 306 336.5 1
insert 306 307 337.6 1
insert 307 308 338.7 1
insert 308 309 339.8 1
insert 309 310 340.9 1
insert 310 311 342 1
insert 311 312 343.1 1
insert 312 313 344.2 1
insert 313 314 345.3 1
insert 314 315 346.4 1
insert 315 316 347.5 1
insert 316 317 348.6 1
insert 317 318 349.7 1
insert 318 319 350.8 1
insert 319 320 351.9 1
insert 320 321 353 1
insert 321 322 354.1 1
insert 322 323 355.2 1
insert 323 324 356.3 1
insert 324 325 357.4 1
insert 325 326 358.5 1
insert 326 327 359.6 1
insert 327 328 360.7 1
insert 328 329 361.8 1
insert 329 330 362.9 1
insert 330 331 364 1
insert 331 332 365.1 1
insert 332 333 366.2 1
insert 333 334 367.3 1
insert 334 335 368.4 1
insert 335 336 369.5 1
insert 336 337 370.6 1
insert 337 338 371.7 1
insert 338 339 372.8 1
insert 339 340 373.9 1
insert 340 341 375 1
insert 341 342 376.1 1
insert 342 343 377.2 1
insert 343 344 378.3 1
insert 344 345 379.4 1
insert 345 346 380.5 1
insert 346 347 381.6 1
insert 347 348 382.7 1
insert 348 349 383.8 1
insert 349 350 384.9 1
insert 350 351 386 1
insert 351 352 387.1 1
insert 352 353 388.2 1
insert 353 354 389.3 1
insert 354 355 390.4 1
insert 355 356 391.5 1
insert 356 357 392.6 1
insert 357 358 393.7 1
insert 358 359 394.8 1
insert 359 360 395.9 1
insert 360 361 397 1
insert 361 362 398.1 1
insert 362 363 399.2 1
insert 363 364 400.3 1
insert 364 365 401.4 1
insert 365 366 402.5 1
insert 366 367 403.6 1
insert 367 368 404.7 1
insert 368 369 405.8 1
insert 369 370 406.9 1
insert 370 371 408 1
insert 371 372 409.1 1
insert 372 373 410.2 1
insert 373 374 411.3 1
insert 374 375 412.4 1
insert 375 376 413.5 1
insert 376 377 414.6 1
insert 377 378 415.7 1
insert 378 379 416.8 1
insert 379 380 417.9 1
insert 380 381 419 1
insert 381 382 420.1 1
insert 382 383 421.2 1
insert 383 384 422.3 1
insert 384 385 423.4 1
insert 385 386 424.5 1
insert 386 387 425.6 1
insert 387 388 426.7 1
insert 388 389 427.8 1
insert 389 390 428.9 1
insert 390 391 430 1
insert 391 392 431.1 1
insert 392 393 432.2 1
insert 393 394 433.3 1
insert 394 395 434.4 1
insert 395 396 435.5 1
insert 396 397 436.6 1
insert 397 398 437.7 1
insert 398 399 438.8 1
insert 399 400 439.9 1
insert 400 401 441 1
insert 401 402 442.1 1
insert 402 403 443.2 1
insert 403 404 444.3 1
insert 404 405 445.4 1
insert 405 406 446.5 1
insert 406 407 447.6 1
insert 407 408 448.7 1
insert 408 409 449.8 1
insert 409 410 450.9 1
insert 410 411 452 1
insert 411 412 453.1 1
insert 412 413 454.2 1
insert 413 414 455.3 1
insert 414 415 456.4 1
insert 415 416 457.5 1
insert 416 417 458.6 1
insert 417 418 459.7 1
insert 418 419 460.8 1
insert 419 420 461.9 1
insert 420 421 463 1
insert 421 422 464.1 1
insert 422 423 465.2 1
insert 423 424 466.3 1
insert 424 425 467.4 1
insert 425 426 468.5 1
insert 426 427 469.6 1
insert 427 428 470.7 1
insert 428 429 471.8 1
insert 429 430 472.9 1
insert 430 431 474 1
insert 431 432 475.1 1
insert 432 433 476.2 1
insert 433 434 477.3 1
insert 434 435 478.4 1
insert 435 436 479.5 1
insert 436 437 480.6 1
insert 437 438 481.7 1
insert 438 439 482.8 1
insert 439 440 483.9 1
insert 440 441 485 1
insert 441 442 486.1 1
insert 442 443 487.2 1
insert 443 444 488.3 1
insert 444 445 489.4 1
insert 445 446 490.5 1
insert 446 447 491.6 1
insert 447 448 492.7 1
insert 448 449 493.8 1
insert 449 450 494.9 1
insert 450 451 496 1
insert 451 452 497.1 1
insert 452 453 498.2 1
insert 453 454 499.3 1
insert 454 455 500.4 1
insert 455 456 501.5 1
insert 456 457 502.6 1
insert 457 458 503.7 1
insert 458 459 504.8 1
insert 459 460 505.9 1
insert 460 461 507 1
insert 461 462 508.1 1
insert 462 463 509.2 1
insert 463 464 510.3 1
insert 464 465 511.4 1
insert 465 466 512.5 1
insert 466 467 513.6 1
insert 467 468 514.7 1
insert 468 469 515.8 1
insert 469 470 516.9 1
insert 470 471 518 1
insert 471 472 519.1 1
insert 472 473 520.2 1
insert 473 474 521.3 1
insert 474 475 522.4 1
insert 475 476 523.5 1
insert 476 477 524.6 1
insert 477 478 525.7 1
insert 478 479 526.8 1
insert 479 480 527.9 1
insert 480 481 529 1
insert 481 482 530.1 1
insert 482 483 531.2 1
insert 483 484 532.3 1
insert 484 485 533.4 1
insert 485 486 534.5 1
insert 486 487 535.6 1
insert 487 488 536.7 1
insert 488 489 537.8 1
insert 489 490 538.9 1
insert 490 491 540 1
insert 491 492 541.1 1
insert 492 493 542.2 1
insert 493 494 543.3 1
insert 494 495 544.4 1
insert 495 496 545.5 1
insert 496 497 546.6 1
insert 497 498 547.7 1
insert 498 499 548.8 1
insert 499 500 549.9 1
insert 500 501 551 1
insert 501 502 552.1 1
insert 502 503 553.2 1
insert 503 504 554.3 1
insert 504 505 555.4 1
insert 505 506 556.5 1
insert 506 507 557.6 1
insert 507 508 558.7 1
insert 508 509 559.8 1
insert 509 510 560.9 1
insert 510 511 562 1
mst 143846.5 511
edge_count 511
degree 511 1
degree 256 2
delete
summary
